[gd_scene load_steps=33 format=3 uid="uid://cnfyj80sfpkq3"]

[ext_resource type="Script" uid="uid://b0arcax67joif" path="res://Scripts/initializevr.gd" id="1_ua3oe"]
[ext_resource type="Texture2D" uid="uid://ujlhjpujhisj" path="res://Resources/Textures/sky.png" id="2_3n5g3"]
[ext_resource type="Script" uid="uid://blp7t2rm6f3sg" path="res://Scripts/Player/player.gd" id="2_c37g7"]
[ext_resource type="Script" uid="uid://yripqjx66c00" path="res://Scripts/game_manager.gd" id="2_yqnnc"]
[ext_resource type="Script" uid="uid://dnxoog51swnsj" path="res://Scripts/Player/hand.gd" id="3_gfff3"]
[ext_resource type="AudioStream" uid="uid://cvkwc6kidc7cb" path="res://Resources/Sounds/Wind Through Trees Ambience (Loopable)/wind-in-trees-117477.mp3" id="3_iswhu"]
[ext_resource type="AudioStream" uid="uid://e65en85qwfjc" path="res://Resources/Sounds/Background Music/758021__audiocoffee__halloween-time-loop-ver.wav" id="4_cdyhi"]
[ext_resource type="PackedScene" uid="uid://cy6tf6pp8tta6" path="res://Scenes/Objects/vine.tscn" id="5_8o4mi"]
[ext_resource type="Script" uid="uid://cf6yojo8rcx4y" path="res://Scripts/Slingshot/slingshot.gd" id="6_8o4mi"]
[ext_resource type="Texture2D" uid="uid://sntfeilnq72k" path="res://Resources/Textures/grass.jpg" id="6_ebto2"]
[ext_resource type="AudioStream" uid="uid://b0v00satwso4e" path="res://Resources/Sounds/Grab/704749__err0rc0de__grab-item.wav" id="8_0u05k"]
[ext_resource type="PackedScene" uid="uid://chaig5lvb2a3e" path="res://Resources/models/barn.glb" id="9_4ixpx"]
[ext_resource type="Script" uid="uid://ddpj0xomrl5eg" path="res://Scripts/Sign Score/sign.gd" id="9_yqnnc"]
[ext_resource type="AudioStream" uid="uid://b6ky6cuao6ou4" path="res://Resources/Sounds/Slingshot Loaded/editedLoad.wav" id="12_0ryyh"]
[ext_resource type="PackedScene" uid="uid://cfl8awrt1ucb1" path="res://Resources/models/tree.glb" id="12_1e40d"]
[ext_resource type="AudioStream" uid="uid://b6hjbr7jqjyv4" path="res://Resources/Sounds/Slingshot Release/editedRelease.wav" id="13_3n3ex"]

[sub_resource type="PanoramaSkyMaterial" id="PanoramaSkyMaterial_ebto2"]
panorama = ExtResource("2_3n5g3")
energy_multiplier = 0.8

[sub_resource type="Sky" id="Sky_yqnnc"]
sky_material = SubResource("PanoramaSkyMaterial_ebto2")

[sub_resource type="Environment" id="Environment_2t1jq"]
background_mode = 2
background_color = Color(0.76037085, 0.97431797, 0.9702292, 1)
sky = SubResource("Sky_yqnnc")
ambient_light_source = 3
fog_light_color = Color(0.2635, 0.28132498, 0.31, 1)
fog_light_energy = 0.8
fog_sun_scatter = 0.1
fog_density = 0.05
fog_sky_affect = 0.7

[sub_resource type="SphereShape3D" id="SphereShape3D_gfff3"]
radius = 0.049555775

[sub_resource type="StandardMaterial3D" id="StandardMaterial3D_yqnnc"]
albedo_color = Color(1, 0.62, 0.62, 1)
albedo_texture = ExtResource("6_ebto2")
uv1_scale = Vector3(100, 100, 100)

[sub_resource type="StandardMaterial3D" id="StandardMaterial3D_0u05k"]
albedo_color = Color(0.1728, 0.27, 0.18251999, 1)

[sub_resource type="StandardMaterial3D" id="StandardMaterial3D_b176m"]
albedo_color = Color(0.34103164, 0.2692149, 0, 1)

[sub_resource type="StandardMaterial3D" id="StandardMaterial3D_8o4mi"]
albedo_color = Color(0.35095242, 0.15484291, 0.07356518, 1)

[sub_resource type="StandardMaterial3D" id="StandardMaterial3D_3n5g3"]
albedo_color = Color(0.5019608, 0.25882354, 0, 1)

[sub_resource type="CylinderShape3D" id="CylinderShape3D_8o4mi"]
height = 0.5
radius = 0.3

[sub_resource type="StandardMaterial3D" id="StandardMaterial3D_ebto2"]
transparency = 1
albedo_color = Color(1, 0, 0, 0.4627451)

[sub_resource type="Curve3D" id="Curve3D_ebto2"]

[sub_resource type="CylinderMesh" id="CylinderMesh_ebto2"]

[sub_resource type="CylinderMesh" id="CylinderMesh_yqnnc"]

[sub_resource type="StandardMaterial3D" id="StandardMaterial3D_iswhu"]
albedo_color = Color(0.700176, 0.38988283, 0.015236197, 1)

[sub_resource type="StandardMaterial3D" id="StandardMaterial3D_cdyhi"]
albedo_color = Color(0.5190005, 0.28110364, 0.008074824, 1)

[node name="Node3D" type="Node3D"]
script = ExtResource("1_ua3oe")

[node name="GameManager" type="Node3D" parent="."]
script = ExtResource("2_yqnnc")

[node name="AdvanceTimer" type="Timer" parent="GameManager"]
wait_time = 5.0

[node name="RoundTimer" type="Timer" parent="GameManager"]

[node name="Ambience" type="AudioStreamPlayer" parent="GameManager"]
stream = ExtResource("3_iswhu")
volume_db = -15.0
autoplay = true
parameters/looping = true

[node name="Music" type="AudioStreamPlayer" parent="GameManager"]
stream = ExtResource("4_cdyhi")
volume_db = -15.0
autoplay = true

[node name="DirectionalLight3D" type="DirectionalLight3D" parent="."]
transform = Transform3D(-0.12377741, 0.67869836, 0.7239114, -0.12370251, -0.73438436, 0.667366, 0.9845694, -0.006944829, 0.17485687, 0, 5.125532, 0)
light_color = Color(0.7882353, 0.7607843, 0.50980395, 1)
light_energy = 3.0

[node name="WorldEnvironment" type="WorldEnvironment" parent="."]
environment = SubResource("Environment_2t1jq")

[node name="Player" type="XROrigin3D" parent="."]
transform = Transform3D(0.99999976, 0, 0, 0, 1, 0, 0, 0, 0.99999976, 0, 0.123353, 0)
script = ExtResource("2_c37g7")

[node name="XRCamera3D" type="XRCamera3D" parent="Player"]
transform = Transform3D(1.0000002, 0, 0, 0, 1, 0, 0, 0, 1.0000002, 0, 1.3581047, 0)
far = 50.0

[node name="Left" type="XRController3D" parent="Player"]
transform = Transform3D(1, 0, 0, 0, 1, 0, 0, 0, 1, -0.5, 1, -0.5)
tracker = &"left_hand"
script = ExtResource("3_gfff3")

[node name="LeftModel" type="CSGSphere3D" parent="Player/Left"]
transform = Transform3D(0.1, 0, 0, 0, 0.1, 0, 0, 0, 0.1, 0, 0, 0)

[node name="Area" type="Area3D" parent="Player/Left"]

[node name="CollisionShape3D" type="CollisionShape3D" parent="Player/Left/Area"]
shape = SubResource("SphereShape3D_gfff3")

[node name="LeftGrabSound" type="AudioStreamPlayer3D" parent="Player/Left"]
stream = ExtResource("8_0u05k")
volume_db = -10.0

[node name="Right" type="XRController3D" parent="Player"]
transform = Transform3D(1, 0, 0, 0, 1, 0, 0, 0, 1, 0.5, 1, -0.5)
tracker = &"right_hand"
script = ExtResource("3_gfff3")

[node name="RightModel" type="CSGSphere3D" parent="Player/Right"]
transform = Transform3D(0.1, 0, 0, 0, 0.1, 0, 0, 0, 0.1, 0, 0, 0)

[node name="Area" type="Area3D" parent="Player/Right"]

[node name="CollisionShape3D" type="CollisionShape3D" parent="Player/Right/Area"]
shape = SubResource("SphereShape3D_gfff3")

[node name="RightGrabSound" type="AudioStreamPlayer3D" parent="Player/Right"]
stream = ExtResource("8_0u05k")
volume_db = -10.0

[node name="Environment" type="Node3D" parent="."]

[node name="Barn" parent="Environment" instance=ExtResource("9_4ixpx")]
transform = Transform3D(-4.371139e-08, 0, 1, 0, 1, 0, -1, 0, -4.371139e-08, -12.562592, 2.6417427, 23.589901)

[node name="Floor" type="CSGBox3D" parent="Environment"]
transform = Transform3D(1, 0, 0, 0, 1, 0, 0, 0, 1, 0, -0.5, 0)
size = Vector3(200, 1, 200)
material = SubResource("StandardMaterial3D_yqnnc")

[node name="Vine" parent="Environment" instance=ExtResource("5_8o4mi")]
transform = Transform3D(-0.5, 0, -7.54979e-08, 0, 0.5, 0, 7.54979e-08, 0, -0.5, 1.8, 0, 0)

[node name="Vine3" parent="Environment" instance=ExtResource("5_8o4mi")]
transform = Transform3D(0.5, 0, 0, 0, 0.5, 0, 0, 0, 0.5, -1.8, 0, 0)

[node name="Trees" type="Node3D" parent="Environment"]

[node name="FrontTrees" type="Node3D" parent="Environment/Trees"]
transform = Transform3D(0.8, 0, 0, 0, 0.8, 0, 0, 0, 0.8, 0, 0, -30)

[node name="tree" type="Node3D" parent="Environment/Trees/FrontTrees"]
transform = Transform3D(1, 0, 0, 0, 1, 0, 0, 0, 1, -35.32676, 0.63179314, 0.53627205)

[node name="treemodel" parent="Environment/Trees/FrontTrees/tree" instance=ExtResource("12_1e40d")]
transform = Transform3D(3.75, 0, 0, 0, 3.75, 0, 0, 0, 3.75, 10.906493, 0, -11.002902)

[node name="tree2" type="Node3D" parent="Environment/Trees/FrontTrees"]
transform = Transform3D(-0.97276384, 0, 0.23179881, 0, 1, 0, -0.23179881, 0, -0.97276384, -33.712128, 0.63179314, -0.4300232)

[node name="treemodel" parent="Environment/Trees/FrontTrees/tree2" instance=ExtResource("12_1e40d")]
transform = Transform3D(3.75, 0, 0, 0, 3.75, 0, 0, 0, 3.75, 10.906493, 0, -11.002902)

[node name="tree3" type="Node3D" parent="Environment/Trees/FrontTrees"]
transform = Transform3D(0.6086091, 0, -0.7934702, 0, 1, 0, 0.7934702, 0, 0.6086091, -29.16024, 0.63179314, 0.53627205)

[node name="treemodel" parent="Environment/Trees/FrontTrees/tree3" instance=ExtResource("12_1e40d")]
transform = Transform3D(3.75, 0, 0, 0, 3.75, 0, 0, 0, 3.75, 10.906493, 0, -11.002902)

[node name="tree4" type="Node3D" parent="Environment/Trees/FrontTrees"]
transform = Transform3D(0.9644929, 0, -0.26410872, 0, 1, 0, 0.26410872, 0, 0.9644929, -27.686321, 0.63179314, -0.4300232)

[node name="treemodel" parent="Environment/Trees/FrontTrees/tree4" instance=ExtResource("12_1e40d")]
transform = Transform3D(3.75, 0, 0, 0, 3.75, 0, 0, 0, 3.75, 10.906493, 0, -11.002902)

[node name="tree5" type="Node3D" parent="Environment/Trees/FrontTrees"]
transform = Transform3D(-0.99932516, 0, -0.03673101, 0, 1, 0, 0.03673101, 0, -0.99932516, -25.621622, 0.63179314, 0.53627205)

[node name="treemodel" parent="Environment/Trees/FrontTrees/tree5" instance=ExtResource("12_1e40d")]
transform = Transform3D(3.75, 0, 0, 0, 3.75, 0, 0, 0, 3.75, 10.906493, 0, -11.002902)

[node name="tree6" type="Node3D" parent="Environment/Trees/FrontTrees"]
transform = Transform3D(-0.97276384, 0, 0.23179881, 0, 1, 0, -0.23179881, 0, -0.97276384, -23.470234, 0.63179314, -0.4300232)

[node name="treemodel" parent="Environment/Trees/FrontTrees/tree6" instance=ExtResource("12_1e40d")]
transform = Transform3D(3.75, 0, 0, 0, 3.75, 0, 0, 0, 3.75, 10.906493, 0, -11.002902)

[node name="tree7" type="Node3D" parent="Environment/Trees/FrontTrees"]
transform = Transform3D(0.6086091, 0, -0.7934702, 0, 1, 0, 0.7934702, 0, 0.6086091, -18.918346, 0.63179314, 0.53627205)

[node name="treemodel" parent="Environment/Trees/FrontTrees/tree7" instance=ExtResource("12_1e40d")]
transform = Transform3D(3.75, 0, 0, 0, 3.75, 0, 0, 0, 3.75, 10.906493, 0, -11.002902)

[node name="tree8" type="Node3D" parent="Environment/Trees/FrontTrees"]
transform = Transform3D(0.9644929, 0, -0.26410872, 0, 1, 0, 0.26410872, 0, 0.9644929, -17.444435, 0.63179314, -0.4300232)

[node name="treemodel" parent="Environment/Trees/FrontTrees/tree8" instance=ExtResource("12_1e40d")]
transform = Transform3D(3.75, 0, 0, 0, 3.75, 0, 0, 0, 3.75, 10.906493, 0, -11.002902)

[node name="tree9" type="Node3D" parent="Environment/Trees/FrontTrees"]
transform = Transform3D(-0.99932516, 0, -0.03673101, 0, 1, 0, 0.03673101, 0, -0.99932516, -15.379729, 0.63179314, 0.53627205)

[node name="treemodel" parent="Environment/Trees/FrontTrees/tree9" instance=ExtResource("12_1e40d")]
transform = Transform3D(3.75, 0, 0, 0, 3.75, 0, 0, 0, 3.75, 10.906493, 0, -11.002902)

[node name="tree10" type="Node3D" parent="Environment/Trees/FrontTrees"]
transform = Transform3D(-0.97276384, 0, 0.23179881, 0, 1, 0, -0.23179881, 0, -0.97276384, -12.916713, 0.63179314, -0.4300232)

[node name="treemodel" parent="Environment/Trees/FrontTrees/tree10" instance=ExtResource("12_1e40d")]
transform = Transform3D(3.75, 0, 0, 0, 3.75, 0, 0, 0, 3.75, 10.906493, 0, -11.002902)

[node name="tree11" type="Node3D" parent="Environment/Trees/FrontTrees"]
transform = Transform3D(0.6086091, 0, -0.7934702, 0, 1, 0, 0.7934702, 0, 0.6086091, -8.364825, 0.63179314, 0.53627205)

[node name="treemodel" parent="Environment/Trees/FrontTrees/tree11" instance=ExtResource("12_1e40d")]
transform = Transform3D(3.75, 0, 0, 0, 3.75, 0, 0, 0, 3.75, 10.906493, 0, -11.002902)

[node name="tree12" type="Node3D" parent="Environment/Trees/FrontTrees"]
transform = Transform3D(0.9644929, 0, -0.26410872, 0, 1, 0, 0.26410872, 0, 0.9644929, -6.890905, 0.63179314, -0.4300232)

[node name="treemodel" parent="Environment/Trees/FrontTrees/tree12" instance=ExtResource("12_1e40d")]
transform = Transform3D(3.75, 0, 0, 0, 3.75, 0, 0, 0, 3.75, 10.906493, 0, -11.002902)

[node name="tree13" type="Node3D" parent="Environment/Trees/FrontTrees"]
transform = Transform3D(-0.99932516, 0, -0.03673101, 0, 1, 0, 0.03673101, 0, -0.99932516, -4.8262024, 0.63179314, 0.53627205)

[node name="treemodel" parent="Environment/Trees/FrontTrees/tree13" instance=ExtResource("12_1e40d")]
transform = Transform3D(3.75, 0, 0, 0, 3.75, 0, 0, 0, 3.75, 10.906493, 0, -11.002902)

[node name="tree14" type="Node3D" parent="Environment/Trees/FrontTrees"]
transform = Transform3D(-0.97276384, 0, 0.23179881, 0, 1, 0, -0.23179881, 0, -0.97276384, -2.0476449, 0.63179314, -0.4300232)

[node name="treemodel" parent="Environment/Trees/FrontTrees/tree14" instance=ExtResource("12_1e40d")]
transform = Transform3D(3.75, 0, 0, 0, 3.75, 0, 0, 0, 3.75, 10.906493, 0, -11.002902)

[node name="tree15" type="Node3D" parent="Environment/Trees/FrontTrees"]
transform = Transform3D(0.6086091, 0, -0.7934702, 0, 1, 0, 0.7934702, 0, 0.6086091, 2.5042427, 0.63179314, 0.53627205)

[node name="treemodel" parent="Environment/Trees/FrontTrees/tree15" instance=ExtResource("12_1e40d")]
transform = Transform3D(3.75, 0, 0, 0, 3.75, 0, 0, 0, 3.75, 10.906493, 0, -11.002902)

[node name="tree16" type="Node3D" parent="Environment/Trees/FrontTrees"]
transform = Transform3D(0.9644929, 0, -0.26410872, 0, 1, 0, 0.26410872, 0, 0.9644929, 3.9781594, 0.63179314, -0.4300232)

[node name="treemodel" parent="Environment/Trees/FrontTrees/tree16" instance=ExtResource("12_1e40d")]
transform = Transform3D(3.75, 0, 0, 0, 3.75, 0, 0, 0, 3.75, 10.906493, 0, -11.002902)

[node name="tree17" type="Node3D" parent="Environment/Trees/FrontTrees"]
transform = Transform3D(-0.99932516, 0, -0.03673101, 0, 1, 0, 0.03673101, 0, -0.99932516, 6.0428624, 0.63179314, 0.53627205)

[node name="treemodel" parent="Environment/Trees/FrontTrees/tree17" instance=ExtResource("12_1e40d")]
transform = Transform3D(3.75, 0, 0, 0, 3.75, 0, 0, 0, 3.75, 10.906493, 0, -11.002902)

[node name="tree18" type="Node3D" parent="Environment/Trees/FrontTrees"]
transform = Transform3D(0.9644929, 0, -0.26410872, 0, 1, 0, 0.26410872, 0, 0.9644929, 8.87113, 0.63179314, -0.4300232)

[node name="treemodel" parent="Environment/Trees/FrontTrees/tree18" instance=ExtResource("12_1e40d")]
transform = Transform3D(3.75, 0, 0, 0, 3.75, 0, 0, 0, 3.75, 10.906493, 0, -11.002902)

[node name="tree19" type="Node3D" parent="Environment/Trees/FrontTrees"]
transform = Transform3D(-0.99932516, 0, -0.03673101, 0, 1, 0, 0.03673101, 0, -0.99932516, 10.935833, 0.63179314, 0.53627205)

[node name="treemodel" parent="Environment/Trees/FrontTrees/tree19" instance=ExtResource("12_1e40d")]
transform = Transform3D(3.75, 0, 0, 0, 3.75, 0, 0, 0, 3.75, 10.906493, 0, -11.002902)

[node name="tree20" type="Node3D" parent="Environment/Trees/FrontTrees"]
transform = Transform3D(-0.97276384, 0, 0.23179881, 0, 1, 0, -0.23179881, 0, -0.97276384, 13.71439, 0.63179314, -0.4300232)

[node name="treemodel" parent="Environment/Trees/FrontTrees/tree20" instance=ExtResource("12_1e40d")]
transform = Transform3D(3.75, 0, 0, 0, 3.75, 0, 0, 0, 3.75, 10.906493, 0, -11.002902)

[node name="tree21" type="Node3D" parent="Environment/Trees/FrontTrees"]
transform = Transform3D(0.6086091, 0, -0.7934702, 0, 1, 0, 0.7934702, 0, 0.6086091, 18.26628, 0.63179314, 0.53627205)

[node name="treemodel" parent="Environment/Trees/FrontTrees/tree21" instance=ExtResource("12_1e40d")]
transform = Transform3D(3.75, 0, 0, 0, 3.75, 0, 0, 0, 3.75, 10.906493, 0, -11.002902)

[node name="tree22" type="Node3D" parent="Environment/Trees/FrontTrees"]
transform = Transform3D(0.9644929, 0, -0.26410872, 0, 1, 0, 0.26410872, 0, 0.9644929, 19.740196, 0.63179314, -0.4300232)

[node name="treemodel" parent="Environment/Trees/FrontTrees/tree22" instance=ExtResource("12_1e40d")]
transform = Transform3D(3.75, 0, 0, 0, 3.75, 0, 0, 0, 3.75, 10.906493, 0, -11.002902)

[node name="tree23" type="Node3D" parent="Environment/Trees/FrontTrees"]
transform = Transform3D(-0.99932516, 0, -0.03673101, 0, 1, 0, 0.03673101, 0, -0.99932516, 21.804897, 0.63179314, 0.53627205)

[node name="treemodel" parent="Environment/Trees/FrontTrees/tree23" instance=ExtResource("12_1e40d")]
transform = Transform3D(3.75, 0, 0, 0, 3.75, 0, 0, 0, 3.75, 10.906493, 0, -11.002902)

[node name="tree24" type="Node3D" parent="Environment/Trees/FrontTrees"]
transform = Transform3D(0.9644929, 0, -0.26410872, 0, 1, 0, 0.26410872, 0, 0.9644929, 25.456335, 0.63179314, -0.4300232)

[node name="treemodel" parent="Environment/Trees/FrontTrees/tree24" instance=ExtResource("12_1e40d")]
transform = Transform3D(3.75, 0, 0, 0, 3.75, 0, 0, 0, 3.75, 10.906493, 0, -11.002902)

[node name="tree25" type="Node3D" parent="Environment/Trees/FrontTrees"]
transform = Transform3D(-0.99932516, 0, -0.03673101, 0, 1, 0, 0.03673101, 0, -0.99932516, 27.52104, 0.63179314, 0.53627205)

[node name="treemodel" parent="Environment/Trees/FrontTrees/tree25" instance=ExtResource("12_1e40d")]
transform = Transform3D(3.75, 0, 0, 0, 3.75, 0, 0, 0, 3.75, 10.906493, 0, -11.002902)

[node name="tree26" type="Node3D" parent="Environment/Trees/FrontTrees"]
transform = Transform3D(-0.97276384, 0, 0.23179881, 0, 1, 0, -0.23179881, 0, -0.97276384, 30.299591, 0.63179314, -0.4300232)

[node name="treemodel" parent="Environment/Trees/FrontTrees/tree26" instance=ExtResource("12_1e40d")]
transform = Transform3D(3.75, 0, 0, 0, 3.75, 0, 0, 0, 3.75, 10.906493, 0, -11.002902)

[node name="tree27" type="Node3D" parent="Environment/Trees/FrontTrees"]
transform = Transform3D(0.6086091, 0, -0.7934702, 0, 1, 0, 0.7934702, 0, 0.6086091, 34.851482, 0.63179314, 0.53627205)

[node name="treemodel" parent="Environment/Trees/FrontTrees/tree27" instance=ExtResource("12_1e40d")]
transform = Transform3D(3.75, 0, 0, 0, 3.75, 0, 0, 0, 3.75, 10.906493, 0, -11.002902)

[node name="tree28" type="Node3D" parent="Environment/Trees/FrontTrees"]
transform = Transform3D(0.9644929, 0, -0.26410872, 0, 1, 0, 0.26410872, 0, 0.9644929, 36.3254, 0.63179314, -0.4300232)

[node name="treemodel" parent="Environment/Trees/FrontTrees/tree28" instance=ExtResource("12_1e40d")]
transform = Transform3D(3.75, 0, 0, 0, 3.75, 0, 0, 0, 3.75, 10.906493, 0, -11.002902)

[node name="Treeline" type="CSGBox3D" parent="Environment/Trees/FrontTrees"]
transform = Transform3D(1.25, 0, 0, 0, 1.25, 0, 0, 0, 1.25, 0, -0.02444148, -2.1487045)
material_override = SubResource("StandardMaterial3D_0u05k")
size = Vector3(80, 7.164917, 1)

[node name="BackTrees" type="Node3D" parent="Environment/Trees"]
transform = Transform3D(-0.8, 0, -6.9938224e-08, 0, 0.8, 0, 6.9938224e-08, 0, -0.8, 0, 0, 46.066452)

[node name="tree" type="Node3D" parent="Environment/Trees/BackTrees"]
transform = Transform3D(1, 0, 0, 0, 1, 0, 0, 0, 1, -35.32676, 0.63179314, 0.53627205)

[node name="treemodel" parent="Environment/Trees/BackTrees/tree" instance=ExtResource("12_1e40d")]
transform = Transform3D(3.75, 0, 0, 0, 3.75, 0, 0, 0, 3.75, 10.906493, 0, -11.002902)

[node name="tree2" type="Node3D" parent="Environment/Trees/BackTrees"]
transform = Transform3D(-0.97276384, 0, 0.23179881, 0, 1, 0, -0.23179881, 0, -0.97276384, -33.712128, 0.63179314, -0.4300232)

[node name="treemodel" parent="Environment/Trees/BackTrees/tree2" instance=ExtResource("12_1e40d")]
transform = Transform3D(3.75, 0, 0, 0, 3.75, 0, 0, 0, 3.75, 10.906493, 0, -11.002902)

[node name="tree3" type="Node3D" parent="Environment/Trees/BackTrees"]
transform = Transform3D(0.6086091, 0, -0.7934702, 0, 1, 0, 0.7934702, 0, 0.6086091, -29.16024, 0.63179314, 0.53627205)

[node name="treemodel" parent="Environment/Trees/BackTrees/tree3" instance=ExtResource("12_1e40d")]
transform = Transform3D(3.75, 0, 0, 0, 3.75, 0, 0, 0, 3.75, 10.906493, 0, -11.002902)

[node name="tree4" type="Node3D" parent="Environment/Trees/BackTrees"]
transform = Transform3D(0.9644929, 0, -0.26410872, 0, 1, 0, 0.26410872, 0, 0.9644929, -27.686321, 0.63179314, -0.4300232)

[node name="treemodel" parent="Environment/Trees/BackTrees/tree4" instance=ExtResource("12_1e40d")]
transform = Transform3D(3.75, 0, 0, 0, 3.75, 0, 0, 0, 3.75, 10.906493, 0, -11.002902)

[node name="tree5" type="Node3D" parent="Environment/Trees/BackTrees"]
transform = Transform3D(-0.99932516, 0, -0.03673101, 0, 1, 0, 0.03673101, 0, -0.99932516, -25.621622, 0.63179314, 0.53627205)

[node name="treemodel" parent="Environment/Trees/BackTrees/tree5" instance=ExtResource("12_1e40d")]
transform = Transform3D(3.75, 0, 0, 0, 3.75, 0, 0, 0, 3.75, 10.906493, 0, -11.002902)

[node name="tree6" type="Node3D" parent="Environment/Trees/BackTrees"]
transform = Transform3D(-0.97276384, 0, 0.23179881, 0, 1, 0, -0.23179881, 0, -0.97276384, -23.470234, 0.63179314, -0.4300232)

[node name="treemodel" parent="Environment/Trees/BackTrees/tree6" instance=ExtResource("12_1e40d")]
transform = Transform3D(3.75, 0, 0, 0, 3.75, 0, 0, 0, 3.75, 10.906493, 0, -11.002902)

[node name="tree7" type="Node3D" parent="Environment/Trees/BackTrees"]
transform = Transform3D(0.6086091, 0, -0.7934702, 0, 1, 0, 0.7934702, 0, 0.6086091, -18.918346, 0.63179314, 0.53627205)

[node name="treemodel" parent="Environment/Trees/BackTrees/tree7" instance=ExtResource("12_1e40d")]
transform = Transform3D(3.75, 0, 0, 0, 3.75, 0, 0, 0, 3.75, 10.906493, 0, -11.002902)

[node name="tree8" type="Node3D" parent="Environment/Trees/BackTrees"]
transform = Transform3D(0.9644929, 0, -0.26410872, 0, 1, 0, 0.26410872, 0, 0.9644929, -17.444435, 0.63179314, -0.4300232)

[node name="treemodel" parent="Environment/Trees/BackTrees/tree8" instance=ExtResource("12_1e40d")]
transform = Transform3D(3.75, 0, 0, 0, 3.75, 0, 0, 0, 3.75, 10.906493, 0, -11.002902)

[node name="tree9" type="Node3D" parent="Environment/Trees/BackTrees"]
transform = Transform3D(-0.99932516, 0, -0.03673101, 0, 1, 0, 0.03673101, 0, -0.99932516, -15.379729, 0.63179314, 0.53627205)

[node name="treemodel" parent="Environment/Trees/BackTrees/tree9" instance=ExtResource("12_1e40d")]
transform = Transform3D(3.75, 0, 0, 0, 3.75, 0, 0, 0, 3.75, 10.906493, 0, -11.002902)

[node name="tree10" type="Node3D" parent="Environment/Trees/BackTrees"]
transform = Transform3D(-0.97276384, 0, 0.23179881, 0, 1, 0, -0.23179881, 0, -0.97276384, -12.916713, 0.63179314, -0.4300232)

[node name="treemodel" parent="Environment/Trees/BackTrees/tree10" instance=ExtResource("12_1e40d")]
transform = Transform3D(3.75, 0, 0, 0, 3.75, 0, 0, 0, 3.75, 10.906493, 0, -11.002902)

[node name="tree11" type="Node3D" parent="Environment/Trees/BackTrees"]
transform = Transform3D(0.6086091, 0, -0.7934702, 0, 1, 0, 0.7934702, 0, 0.6086091, -8.364825, 0.63179314, 0.53627205)

[node name="treemodel" parent="Environment/Trees/BackTrees/tree11" instance=ExtResource("12_1e40d")]
transform = Transform3D(3.75, 0, 0, 0, 3.75, 0, 0, 0, 3.75, 10.906493, 0, -11.002902)

[node name="tree12" type="Node3D" parent="Environment/Trees/BackTrees"]
transform = Transform3D(0.9644929, 0, -0.26410872, 0, 1, 0, 0.26410872, 0, 0.9644929, -6.890905, 0.63179314, -0.4300232)

[node name="treemodel" parent="Environment/Trees/BackTrees/tree12" instance=ExtResource("12_1e40d")]
transform = Transform3D(3.75, 0, 0, 0, 3.75, 0, 0, 0, 3.75, 10.906493, 0, -11.002902)

[node name="tree13" type="Node3D" parent="Environment/Trees/BackTrees"]
transform = Transform3D(-0.99932516, 0, -0.03673101, 0, 1, 0, 0.03673101, 0, -0.99932516, -4.8262024, 0.63179314, 0.53627205)

[node name="treemodel" parent="Environment/Trees/BackTrees/tree13" instance=ExtResource("12_1e40d")]
transform = Transform3D(3.75, 0, 0, 0, 3.75, 0, 0, 0, 3.75, 10.906493, 0, -11.002902)

[node name="tree14" type="Node3D" parent="Environment/Trees/BackTrees"]
transform = Transform3D(-0.97276384, 0, 0.23179881, 0, 1, 0, -0.23179881, 0, -0.97276384, -2.0476449, 0.63179314, -0.4300232)

[node name="treemodel" parent="Environment/Trees/BackTrees/tree14" instance=ExtResource("12_1e40d")]
transform = Transform3D(3.75, 0, 0, 0, 3.75, 0, 0, 0, 3.75, 10.906493, 0, -11.002902)

[node name="tree15" type="Node3D" parent="Environment/Trees/BackTrees"]
transform = Transform3D(0.6086091, 0, -0.7934702, 0, 1, 0, 0.7934702, 0, 0.6086091, 2.5042427, 0.63179314, 0.53627205)

[node name="treemodel" parent="Environment/Trees/BackTrees/tree15" instance=ExtResource("12_1e40d")]
transform = Transform3D(3.75, 0, 0, 0, 3.75, 0, 0, 0, 3.75, 10.906493, 0, -11.002902)

[node name="tree16" type="Node3D" parent="Environment/Trees/BackTrees"]
transform = Transform3D(0.9644929, 0, -0.26410872, 0, 1, 0, 0.26410872, 0, 0.9644929, 3.9781594, 0.63179314, -0.4300232)

[node name="treemodel" parent="Environment/Trees/BackTrees/tree16" instance=ExtResource("12_1e40d")]
transform = Transform3D(3.75, 0, 0, 0, 3.75, 0, 0, 0, 3.75, 10.906493, 0, -11.002902)

[node name="tree17" type="Node3D" parent="Environment/Trees/BackTrees"]
transform = Transform3D(-0.99932516, 0, -0.03673101, 0, 1, 0, 0.03673101, 0, -0.99932516, 6.0428624, 0.63179314, 0.53627205)

[node name="treemodel" parent="Environment/Trees/BackTrees/tree17" instance=ExtResource("12_1e40d")]
transform = Transform3D(3.75, 0, 0, 0, 3.75, 0, 0, 0, 3.75, 10.906493, 0, -11.002902)

[node name="tree18" type="Node3D" parent="Environment/Trees/BackTrees"]
transform = Transform3D(0.9644929, 0, -0.26410872, 0, 1, 0, 0.26410872, 0, 0.9644929, 8.87113, 0.63179314, -0.4300232)

[node name="treemodel" parent="Environment/Trees/BackTrees/tree18" instance=ExtResource("12_1e40d")]
transform = Transform3D(3.75, 0, 0, 0, 3.75, 0, 0, 0, 3.75, 10.906493, 0, -11.002902)

[node name="tree19" type="Node3D" parent="Environment/Trees/BackTrees"]
transform = Transform3D(-0.99932516, 0, -0.03673101, 0, 1, 0, 0.03673101, 0, -0.99932516, 10.935833, 0.63179314, 0.53627205)

[node name="treemodel" parent="Environment/Trees/BackTrees/tree19" instance=ExtResource("12_1e40d")]
transform = Transform3D(3.75, 0, 0, 0, 3.75, 0, 0, 0, 3.75, 10.906493, 0, -11.002902)

[node name="tree20" type="Node3D" parent="Environment/Trees/BackTrees"]
transform = Transform3D(-0.97276384, 0, 0.23179881, 0, 1, 0, -0.23179881, 0, -0.97276384, 13.71439, 0.63179314, -0.4300232)

[node name="treemodel" parent="Environment/Trees/BackTrees/tree20" instance=ExtResource("12_1e40d")]
transform = Transform3D(3.75, 0, 0, 0, 3.75, 0, 0, 0, 3.75, 10.906493, 0, -11.002902)

[node name="tree21" type="Node3D" parent="Environment/Trees/BackTrees"]
transform = Transform3D(0.6086091, 0, -0.7934702, 0, 1, 0, 0.7934702, 0, 0.6086091, 18.26628, 0.63179314, 0.53627205)

[node name="treemodel" parent="Environment/Trees/BackTrees/tree21" instance=ExtResource("12_1e40d")]
transform = Transform3D(3.75, 0, 0, 0, 3.75, 0, 0, 0, 3.75, 10.906493, 0, -11.002902)

[node name="tree22" type="Node3D" parent="Environment/Trees/BackTrees"]
transform = Transform3D(0.9644929, 0, -0.26410872, 0, 1, 0, 0.26410872, 0, 0.9644929, 19.740196, 0.63179314, -0.4300232)

[node name="treemodel" parent="Environment/Trees/BackTrees/tree22" instance=ExtResource("12_1e40d")]
transform = Transform3D(3.75, 0, 0, 0, 3.75, 0, 0, 0, 3.75, 10.906493, 0, -11.002902)

[node name="tree23" type="Node3D" parent="Environment/Trees/BackTrees"]
transform = Transform3D(-0.99932516, 0, -0.03673101, 0, 1, 0, 0.03673101, 0, -0.99932516, 21.804897, 0.63179314, 0.53627205)

[node name="treemodel" parent="Environment/Trees/BackTrees/tree23" instance=ExtResource("12_1e40d")]
transform = Transform3D(3.75, 0, 0, 0, 3.75, 0, 0, 0, 3.75, 10.906493, 0, -11.002902)

[node name="tree24" type="Node3D" parent="Environment/Trees/BackTrees"]
transform = Transform3D(0.9644929, 0, -0.26410872, 0, 1, 0, 0.26410872, 0, 0.9644929, 25.456335, 0.63179314, -0.4300232)

[node name="treemodel" parent="Environment/Trees/BackTrees/tree24" instance=ExtResource("12_1e40d")]
transform = Transform3D(3.75, 0, 0, 0, 3.75, 0, 0, 0, 3.75, 10.906493, 0, -11.002902)

[node name="tree25" type="Node3D" parent="Environment/Trees/BackTrees"]
transform = Transform3D(-0.99932516, 0, -0.03673101, 0, 1, 0, 0.03673101, 0, -0.99932516, 27.52104, 0.63179314, 0.53627205)

[node name="treemodel" parent="Environment/Trees/BackTrees/tree25" instance=ExtResource("12_1e40d")]
transform = Transform3D(3.75, 0, 0, 0, 3.75, 0, 0, 0, 3.75, 10.906493, 0, -11.002902)

[node name="tree26" type="Node3D" parent="Environment/Trees/BackTrees"]
transform = Transform3D(-0.97276384, 0, 0.23179881, 0, 1, 0, -0.23179881, 0, -0.97276384, 30.299591, 0.63179314, -0.4300232)

[node name="treemodel" parent="Environment/Trees/BackTrees/tree26" instance=ExtResource("12_1e40d")]
transform = Transform3D(3.75, 0, 0, 0, 3.75, 0, 0, 0, 3.75, 10.906493, 0, -11.002902)

[node name="tree27" type="Node3D" parent="Environment/Trees/BackTrees"]
transform = Transform3D(0.6086091, 0, -0.7934702, 0, 1, 0, 0.7934702, 0, 0.6086091, 34.851482, 0.63179314, 0.53627205)

[node name="treemodel" parent="Environment/Trees/BackTrees/tree27" instance=ExtResource("12_1e40d")]
transform = Transform3D(3.75, 0, 0, 0, 3.75, 0, 0, 0, 3.75, 10.906493, 0, -11.002902)

[node name="tree28" type="Node3D" parent="Environment/Trees/BackTrees"]
transform = Transform3D(0.9644929, 0, -0.26410872, 0, 1, 0, 0.26410872, 0, 0.9644929, 36.3254, 0.63179314, -0.4300232)

[node name="treemodel" parent="Environment/Trees/BackTrees/tree28" instance=ExtResource("12_1e40d")]
transform = Transform3D(3.75, 0, 0, 0, 3.75, 0, 0, 0, 3.75, 10.906493, 0, -11.002902)

[node name="Treeline" type="CSGBox3D" parent="Environment/Trees/BackTrees"]
transform = Transform3D(1.25, 0, 0, 0, 1.25, 0, 0, 0, 1.25, 0, -0.02444148, -2.1487045)
material_override = SubResource("StandardMaterial3D_0u05k")
size = Vector3(80, 7.164917, 1)

[node name="LeftTrees" type="Node3D" parent="Environment/Trees"]
transform = Transform3D(-3.4969112e-08, 0, 0.8, 0, 0.8, 0, -0.8, 0, -3.4969112e-08, -29.564255, 0, 14.593159)

[node name="tree" type="Node3D" parent="Environment/Trees/LeftTrees"]
transform = Transform3D(1, 0, 0, 0, 1, 0, 0, 0, 1, -35.32676, 0.63179314, 0.53627205)

[node name="treemodel" parent="Environment/Trees/LeftTrees/tree" instance=ExtResource("12_1e40d")]
transform = Transform3D(3.75, 0, 0, 0, 3.75, 0, 0, 0, 3.75, 10.906493, 0, -11.002902)

[node name="tree2" type="Node3D" parent="Environment/Trees/LeftTrees"]
transform = Transform3D(-0.97276384, 0, 0.23179881, 0, 1, 0, -0.23179881, 0, -0.97276384, -33.712128, 0.63179314, -0.4300232)

[node name="treemodel" parent="Environment/Trees/LeftTrees/tree2" instance=ExtResource("12_1e40d")]
transform = Transform3D(3.75, 0, 0, 0, 3.75, 0, 0, 0, 3.75, 10.906493, 0, -11.002902)

[node name="tree3" type="Node3D" parent="Environment/Trees/LeftTrees"]
transform = Transform3D(0.6086091, 0, -0.7934702, 0, 1, 0, 0.7934702, 0, 0.6086091, -29.16024, 0.63179314, 0.53627205)

[node name="treemodel" parent="Environment/Trees/LeftTrees/tree3" instance=ExtResource("12_1e40d")]
transform = Transform3D(3.75, 0, 0, 0, 3.75, 0, 0, 0, 3.75, 10.906493, 0, -11.002902)

[node name="tree4" type="Node3D" parent="Environment/Trees/LeftTrees"]
transform = Transform3D(0.9644929, 0, -0.26410872, 0, 1, 0, 0.26410872, 0, 0.9644929, -27.686321, 0.63179314, -0.4300232)

[node name="treemodel" parent="Environment/Trees/LeftTrees/tree4" instance=ExtResource("12_1e40d")]
transform = Transform3D(3.75, 0, 0, 0, 3.75, 0, 0, 0, 3.75, 10.906493, 0, -11.002902)

[node name="tree5" type="Node3D" parent="Environment/Trees/LeftTrees"]
transform = Transform3D(-0.99932516, 0, -0.03673101, 0, 1, 0, 0.03673101, 0, -0.99932516, -25.621622, 0.63179314, 0.53627205)

[node name="treemodel" parent="Environment/Trees/LeftTrees/tree5" instance=ExtResource("12_1e40d")]
transform = Transform3D(3.75, 0, 0, 0, 3.75, 0, 0, 0, 3.75, 10.906493, 0, -11.002902)

[node name="tree6" type="Node3D" parent="Environment/Trees/LeftTrees"]
transform = Transform3D(-0.97276384, 0, 0.23179881, 0, 1, 0, -0.23179881, 0, -0.97276384, -23.470234, 0.63179314, -0.4300232)

[node name="treemodel" parent="Environment/Trees/LeftTrees/tree6" instance=ExtResource("12_1e40d")]
transform = Transform3D(3.75, 0, 0, 0, 3.75, 0, 0, 0, 3.75, 10.906493, 0, -11.002902)

[node name="tree7" type="Node3D" parent="Environment/Trees/LeftTrees"]
transform = Transform3D(0.6086091, 0, -0.7934702, 0, 1, 0, 0.7934702, 0, 0.6086091, -18.918346, 0.63179314, 0.53627205)

[node name="treemodel" parent="Environment/Trees/LeftTrees/tree7" instance=ExtResource("12_1e40d")]
transform = Transform3D(3.75, 0, 0, 0, 3.75, 0, 0, 0, 3.75, 10.906493, 0, -11.002902)

[node name="tree8" type="Node3D" parent="Environment/Trees/LeftTrees"]
transform = Transform3D(0.9644929, 0, -0.26410872, 0, 1, 0, 0.26410872, 0, 0.9644929, -17.444435, 0.63179314, -0.4300232)

[node name="treemodel" parent="Environment/Trees/LeftTrees/tree8" instance=ExtResource("12_1e40d")]
transform = Transform3D(3.75, 0, 0, 0, 3.75, 0, 0, 0, 3.75, 10.906493, 0, -11.002902)

[node name="tree9" type="Node3D" parent="Environment/Trees/LeftTrees"]
transform = Transform3D(-0.99932516, 0, -0.03673101, 0, 1, 0, 0.03673101, 0, -0.99932516, -15.379729, 0.63179314, 0.53627205)

[node name="treemodel" parent="Environment/Trees/LeftTrees/tree9" instance=ExtResource("12_1e40d")]
transform = Transform3D(3.75, 0, 0, 0, 3.75, 0, 0, 0, 3.75, 10.906493, 0, -11.002902)

[node name="tree10" type="Node3D" parent="Environment/Trees/LeftTrees"]
transform = Transform3D(-0.97276384, 0, 0.23179881, 0, 1, 0, -0.23179881, 0, -0.97276384, -12.916713, 0.63179314, -0.4300232)

[node name="treemodel" parent="Environment/Trees/LeftTrees/tree10" instance=ExtResource("12_1e40d")]
transform = Transform3D(3.75, 0, 0, 0, 3.75, 0, 0, 0, 3.75, 10.906493, 0, -11.002902)

[node name="tree11" type="Node3D" parent="Environment/Trees/LeftTrees"]
transform = Transform3D(0.6086091, 0, -0.7934702, 0, 1, 0, 0.7934702, 0, 0.6086091, -8.364825, 0.63179314, 0.53627205)

[node name="treemodel" parent="Environment/Trees/LeftTrees/tree11" instance=ExtResource("12_1e40d")]
transform = Transform3D(3.75, 0, 0, 0, 3.75, 0, 0, 0, 3.75, 10.906493, 0, -11.002902)

[node name="tree12" type="Node3D" parent="Environment/Trees/LeftTrees"]
transform = Transform3D(0.9644929, 0, -0.26410872, 0, 1, 0, 0.26410872, 0, 0.9644929, -6.890905, 0.63179314, -0.4300232)

[node name="treemodel" parent="Environment/Trees/LeftTrees/tree12" instance=ExtResource("12_1e40d")]
transform = Transform3D(3.75, 0, 0, 0, 3.75, 0, 0, 0, 3.75, 10.906493, 0, -11.002902)

[node name="tree13" type="Node3D" parent="Environment/Trees/LeftTrees"]
transform = Transform3D(-0.99932516, 0, -0.03673101, 0, 1, 0, 0.03673101, 0, -0.99932516, -4.8262024, 0.63179314, 0.53627205)

[node name="treemodel" parent="Environment/Trees/LeftTrees/tree13" instance=ExtResource("12_1e40d")]
transform = Transform3D(3.75, 0, 0, 0, 3.75, 0, 0, 0, 3.75, 10.906493, 0, -11.002902)

[node name="tree14" type="Node3D" parent="Environment/Trees/LeftTrees"]
transform = Transform3D(-0.97276384, 0, 0.23179881, 0, 1, 0, -0.23179881, 0, -0.97276384, -2.0476449, 0.63179314, -0.4300232)

[node name="treemodel" parent="Environment/Trees/LeftTrees/tree14" instance=ExtResource("12_1e40d")]
transform = Transform3D(3.75, 0, 0, 0, 3.75, 0, 0, 0, 3.75, 10.906493, 0, -11.002902)

[node name="tree15" type="Node3D" parent="Environment/Trees/LeftTrees"]
transform = Transform3D(0.6086091, 0, -0.7934702, 0, 1, 0, 0.7934702, 0, 0.6086091, 2.5042427, 0.63179314, 0.53627205)

[node name="treemodel" parent="Environment/Trees/LeftTrees/tree15" instance=ExtResource("12_1e40d")]
transform = Transform3D(3.75, 0, 0, 0, 3.75, 0, 0, 0, 3.75, 10.906493, 0, -11.002902)

[node name="tree16" type="Node3D" parent="Environment/Trees/LeftTrees"]
transform = Transform3D(0.9644929, 0, -0.26410872, 0, 1, 0, 0.26410872, 0, 0.9644929, 3.9781594, 0.63179314, -0.4300232)

[node name="treemodel" parent="Environment/Trees/LeftTrees/tree16" instance=ExtResource("12_1e40d")]
transform = Transform3D(3.75, 0, 0, 0, 3.75, 0, 0, 0, 3.75, 10.906493, 0, -11.002902)

[node name="tree17" type="Node3D" parent="Environment/Trees/LeftTrees"]
transform = Transform3D(-0.99932516, 0, -0.03673101, 0, 1, 0, 0.03673101, 0, -0.99932516, 6.0428624, 0.63179314, 0.53627205)

[node name="treemodel" parent="Environment/Trees/LeftTrees/tree17" instance=ExtResource("12_1e40d")]
transform = Transform3D(3.75, 0, 0, 0, 3.75, 0, 0, 0, 3.75, 10.906493, 0, -11.002902)

[node name="tree18" type="Node3D" parent="Environment/Trees/LeftTrees"]
transform = Transform3D(0.9644929, 0, -0.26410872, 0, 1, 0, 0.26410872, 0, 0.9644929, 8.87113, 0.63179314, -0.4300232)

[node name="treemodel" parent="Environment/Trees/LeftTrees/tree18" instance=ExtResource("12_1e40d")]
transform = Transform3D(3.75, 0, 0, 0, 3.75, 0, 0, 0, 3.75, 10.906493, 0, -11.002902)

[node name="tree19" type="Node3D" parent="Environment/Trees/LeftTrees"]
transform = Transform3D(-0.99932516, 0, -0.03673101, 0, 1, 0, 0.03673101, 0, -0.99932516, 10.935833, 0.63179314, 0.53627205)

[node name="treemodel" parent="Environment/Trees/LeftTrees/tree19" instance=ExtResource("12_1e40d")]
transform = Transform3D(3.75, 0, 0, 0, 3.75, 0, 0, 0, 3.75, 10.906493, 0, -11.002902)

[node name="tree20" type="Node3D" parent="Environment/Trees/LeftTrees"]
transform = Transform3D(-0.97276384, 0, 0.23179881, 0, 1, 0, -0.23179881, 0, -0.97276384, 13.71439, 0.63179314, -0.4300232)

[node name="treemodel" parent="Environment/Trees/LeftTrees/tree20" instance=ExtResource("12_1e40d")]
transform = Transform3D(3.75, 0, 0, 0, 3.75, 0, 0, 0, 3.75, 10.906493, 0, -11.002902)

[node name="tree21" type="Node3D" parent="Environment/Trees/LeftTrees"]
transform = Transform3D(0.6086091, 0, -0.7934702, 0, 1, 0, 0.7934702, 0, 0.6086091, 18.26628, 0.63179314, 0.53627205)

[node name="treemodel" parent="Environment/Trees/LeftTrees/tree21" instance=ExtResource("12_1e40d")]
transform = Transform3D(3.75, 0, 0, 0, 3.75, 0, 0, 0, 3.75, 10.906493, 0, -11.002902)

[node name="tree22" type="Node3D" parent="Environment/Trees/LeftTrees"]
transform = Transform3D(0.9644929, 0, -0.26410872, 0, 1, 0, 0.26410872, 0, 0.9644929, 19.740196, 0.63179314, -0.4300232)

[node name="treemodel" parent="Environment/Trees/LeftTrees/tree22" instance=ExtResource("12_1e40d")]
transform = Transform3D(3.75, 0, 0, 0, 3.75, 0, 0, 0, 3.75, 10.906493, 0, -11.002902)

[node name="tree23" type="Node3D" parent="Environment/Trees/LeftTrees"]
transform = Transform3D(-0.99932516, 0, -0.03673101, 0, 1, 0, 0.03673101, 0, -0.99932516, 21.804897, 0.63179314, 0.53627205)

[node name="treemodel" parent="Environment/Trees/LeftTrees/tree23" instance=ExtResource("12_1e40d")]
transform = Transform3D(3.75, 0, 0, 0, 3.75, 0, 0, 0, 3.75, 10.906493, 0, -11.002902)

[node name="tree24" type="Node3D" parent="Environment/Trees/LeftTrees"]
transform = Transform3D(0.9644929, 0, -0.26410872, 0, 1, 0, 0.26410872, 0, 0.9644929, 25.456335, 0.63179314, -0.4300232)

[node name="treemodel" parent="Environment/Trees/LeftTrees/tree24" instance=ExtResource("12_1e40d")]
transform = Transform3D(3.75, 0, 0, 0, 3.75, 0, 0, 0, 3.75, 10.906493, 0, -11.002902)

[node name="tree25" type="Node3D" parent="Environment/Trees/LeftTrees"]
transform = Transform3D(-0.99932516, 0, -0.03673101, 0, 1, 0, 0.03673101, 0, -0.99932516, 27.52104, 0.63179314, 0.53627205)

[node name="treemodel" parent="Environment/Trees/LeftTrees/tree25" instance=ExtResource("12_1e40d")]
transform = Transform3D(3.75, 0, 0, 0, 3.75, 0, 0, 0, 3.75, 10.906493, 0, -11.002902)

[node name="tree26" type="Node3D" parent="Environment/Trees/LeftTrees"]
transform = Transform3D(-0.97276384, 0, 0.23179881, 0, 1, 0, -0.23179881, 0, -0.97276384, 30.299591, 0.63179314, -0.4300232)

[node name="treemodel" parent="Environment/Trees/LeftTrees/tree26" instance=ExtResource("12_1e40d")]
transform = Transform3D(3.75, 0, 0, 0, 3.75, 0, 0, 0, 3.75, 10.906493, 0, -11.002902)

[node name="tree27" type="Node3D" parent="Environment/Trees/LeftTrees"]
transform = Transform3D(0.6086091, 0, -0.7934702, 0, 1, 0, 0.7934702, 0, 0.6086091, 34.851482, 0.63179314, 0.53627205)

[node name="treemodel" parent="Environment/Trees/LeftTrees/tree27" instance=ExtResource("12_1e40d")]
