[gd_scene load_steps=8 format=3 uid="uid://cnfyj80sfpkq3"]

[ext_resource type="Script" uid="uid://b0arcax67joif" path="res://Scripts/initializevr.gd" id="1_ua3oe"]
[ext_resource type="Script" uid="uid://blp7t2rm6f3sg" path="res://Scripts/Player/player.gd" id="2_c37g7"]
[ext_resource type="Script" uid="uid://dnxoog51swnsj" path="res://Scripts/Player/hand.gd" id="3_gfff3"]
[ext_resource type="PackedScene" uid="uid://3bm4j61b1rvo" path="res://Scenes/Objects/enemy.tscn" id="5_3odlv"]
[ext_resource type="PackedScene" uid="uid://cy6tf6pp8tta6" path="res://Scenes/Objects/vine.tscn" id="5_8o4mi"]

[sub_resource type="Environment" id="Environment_2t1jq"]

[sub_resource type="SphereShape3D" id="SphereShape3D_gfff3"]
radius = 0.049555775

[node name="Node3D" type="Node3D"]
script = ExtResource("1_ua3oe")

[node name="DirectionalLight3D" type="DirectionalLight3D" parent="."]
transform = Transform3D(0.08686353, 0.8868179, -0.45388195, -0.15191406, 0.46206695, 0.873737, 0.9845694, -0.006944829, 0.17485687, 0, 0.9962975, 0)
shadow_enabled = true

[node name="WorldEnvironment" type="WorldEnvironment" parent="."]
environment = SubResource("Environment_2t1jq")

[node name="Player" type="XROrigin3D" parent="."]
transform = Transform3D(0.99999976, 0, 0, 0, 1, 0, 0, 0, 0.99999976, 0, 0.123353, 0)
script = ExtResource("2_c37g7")

[node name="XRCamera3D" type="XRCamera3D" parent="Player"]
transform = Transform3D(1, 0, 0, 0, 1, 0, 0, 0, 1, 0, 1.7, 0)
far = 400.0

[node name="Left" type="XRController3D" parent="Player"]
transform = Transform3D(1, 0, 0, 0, 1, 0, 0, 0, 1, -0.5, 1, -0.5)
tracker = &"left_hand"
script = ExtResource("3_gfff3")

[node name="LeftModel" type="CSGSphere3D" parent="Player/Left"]
transform = Transform3D(0.1, 0, 0, 0, 0.1, 0, 0, 0, 0.1, 0, 0, 0)

[node name="Area" type="Area3D" parent="Player/Left"]

[node name="CollisionShape3D" type="CollisionShape3D" parent="Player/Left/Area"]
shape = SubResource("SphereShape3D_gfff3")

[node name="Right" type="XRController3D" parent="Player"]
transform = Transform3D(1, 0, 0, 0, 1, 0, 0, 0, 1, 0.5, 1, -0.5)
tracker = &"right_hand"
script = ExtResource("3_gfff3")

[node name="RightModel" type="CSGSphere3D" parent="Player/Right"]
transform = Transform3D(0.1, 0, 0, 0, 0.1, 0, 0, 0, 0.1, 0, 0, 0)

[node name="Area" type="Area3D" parent="Player/Right"]

[node name="CollisionShape3D" type="CollisionShape3D" parent="Player/Right/Area"]
shape = SubResource("SphereShape3D_gfff3")

[node name="Enemy" parent="." instance=ExtResource("5_3odlv")]
transform = Transform3D(-0.9999751, 0, 0.0070510507, 0, 0.9999999, 0, -0.007051062, 0, -0.999975, 1.355802, 1.1707717, -0.12600374)

[node name="Vine" parent="." instance=ExtResource("5_8o4mi")]
transform = Transform3D(1, 0, 0, 0, 1, 0, 0, 0, 1, -3.0252895, -0.6471578, 0.020180225)

[node name="Vine2" parent="." instance=ExtResource("5_8o4mi")]
transform = Transform3D(0.07548342, 0, -0.9971471, 0, 1, 0, 0.9971471, 0, 0.07548342, -0.279382, -0.6471578, -3.0710275)

[node name="Vine3" parent="." instance=ExtResource("5_8o4mi")]
transform = Transform3D(0.05846996, 0, 0.9982891, 0, 1, 0, -0.9982891, 0, 0.05846996, -0.279382, -0.6471578, 2.7067108)

[connection signal="button_pressed" from="Player/Left" to="Player" method="_on_left_button_pressed"]
[connection signal="button_released" from="Player/Left" to="Player" method="_on_left_button_released"]
[connection signal="button_pressed" from="Player/Right" to="Player" method="_on_right_button_pressed"]
[connection signal="button_released" from="Player/Right" to="Player" method="_on_right_button_released"]
